10 171
0 30
0 3
0 10
0 31
1 27
1 49
1 3
2 36
2 49
2 24
2 31
2 9
2 10
3 31
3 17
3 18
3 29
3 9
3 25
3 47
3 11
3 22
3 36
3 41
3 40
3 4
3 43
3 34
3 24
3 14
3 27
4 30
4 10
4 36
4 24
4 27
4 12
5 36
6 24
6 9
6 10
6 31
6 49
7 27
8 31
8 12
8 36
9 44
9 37
9 23
9 34
9 39
9 31
9 32
9 26
9 11
9 20
9 45
9 46
9 40
9 25
9 38
9 24
9 19
12 18
12 21
12 47
12 25
12 32
12 24
12 22
12 38
12 17
12 36
12 48
12 23
12 31
12 30
12 26
12 49
12 14
12 20
18 36
18 31
18 49
18 30
23 31
15 24
15 31
15 30
43 49
43 30
43 10
43 24
10 33
10 24
10 20
10 46
10 22
10 21
10 34
10 28
10 36
10 45
10 48
10 37
10 11
33 30
33 31
36 25
36 44
36 21
36 42
36 29
36 17
36 39
36 49
36 47
36 40
36 27
36 28
17 27
17 31
26 31
29 27
29 49
29 24
32 49
32 30
37 31
37 24
24 48
24 45
24 11
24 27
24 16
24 13
24 28
22 27
22 31
27 45
27 41
27 34
27 35
27 49
27 30
27 48
27 42
27 28
20 49
20 30
34 49
34 31
38 31
38 49
14 30
30 28
30 45
30 48
30 13
30 11
30 46
30 42
41 49
41 31
47 49
49 45
49 11
49 46
31 39
31 45
