5 94
0 3
0 31
1 3
2 36
2 31
2 9
3 31
3 17
3 18
3 29
3 9
3 25
3 47
3 11
3 22
3 36
3 41
3 40
3 4
3 43
3 34
3 24
3 14
3 27
4 36
4 12
5 36
6 9
6 31
8 31
8 12
8 36
9 44
9 37
9 23
9 34
9 39
9 31
9 32
9 26
9 11
9 20
9 45
9 46
9 40
9 25
9 38
9 24
9 19
12 18
12 21
12 47
12 25
12 32
12 24
12 22
12 38
12 17
12 36
12 48
12 23
12 31
12 30
12 26
12 49
12 14
12 20
18 36
18 31
23 31
15 31
10 36
33 31
36 25
36 44
36 21
36 42
36 29
36 17
36 39
36 49
36 47
36 40
36 27
36 28
17 31
26 31
37 31
22 31
34 31
38 31
41 31
31 39
31 45
