50 396
0 23
0 30
0 35
0 19
0 45
0 33
0 4
0 20
0 47
0 3
0 5
0 25
0 10
0 31
1 20
1 34
1 27
1 42
1 49
1 18
1 38
1 19
1 15
1 8
1 13
1 48
1 23
1 3
1 29
2 36
2 16
2 4
2 6
2 13
2 49
2 24
2 44
2 32
2 31
2 46
2 43
2 39
2 9
2 35
2 10
2 17
3 31
3 17
3 18
3 29
3 9
3 25
3 47
3 11
3 22
3 36
3 41
3 40
3 4
3 43
3 34
3 24
3 14
3 27
4 32
4 30
4 10
4 38
4 20
4 5
4 40
4 36
4 43
4 24
4 37
4 22
4 27
4 12
5 18
5 44
5 23
5 42
5 43
5 19
5 36
5 16
5 15
5 40
5 34
5 35
5 41
5 32
5 33
6 24
6 9
6 25
6 15
6 41
6 42
6 11
6 10
6 31
6 16
6 39
6 38
6 29
6 49
7 27
7 37
7 8
7 26
7 33
7 46
7 40
7 13
7 21
7 23
7 14
7 16
7 25
7 18
7 11
8 13
8 14
8 47
8 40
8 28
8 31
8 38
8 11
8 32
8 12
8 36
8 18
8 19
9 44
9 37
9 23
9 34
9 39
9 31
9 32
9 26
9 11
9 20
9 45
9 46
9 40
9 25
9 38
9 24
9 19
12 18
12 21
12 47
12 25
12 32
12 24
12 22
12 38
12 17
12 36
12 48
12 23
12 31
12 30
12 26
12 49
12 14
12 20
18 38
18 36
18 31
18 43
18 44
18 49
18 30
18 16
18 23
23 31
23 43
23 11
23 16
23 21
23 35
23 41
23 42
15 43
15 17
15 35
15 47
15 24
15 44
15 19
15 32
15 33
15 37
15 31
15 30
43 26
43 49
43 28
43 42
43 40
43 30
43 46
43 14
43 10
43 24
10 33
10 24
10 20
10 46
10 22
10 21
10 34
10 28
10 36
10 45
10 48
10 37
10 11
33 29
33 32
33 30
33 38
33 13
33 28
33 48
33 39
33 31
33 40
33 45
36 25
36 44
36 21
36 42
36 29
36 17
36 39
36 49
36 47
36 40
36 27
36 28
25 14
25 29
25 11
25 38
25 37
25 22
25 21
44 41
44 35
44 11
44 29
44 21
44 42
44 28
17 27
17 22
17 31
17 48
17 41
17 21
17 32
26 39
26 41
26 16
26 32
26 31
26 37
26 46
26 38
29 27
29 22
29 19
29 38
29 16
29 34
29 49
29 40
29 24
29 39
32 37
32 49
32 13
32 47
32 42
32 30
32 38
37 20
37 22
37 35
37 31
37 38
37 34
37 24
24 48
24 45
24 11
24 27
24 16
24 13
24 28
21 22
21 47
21 28
21 35
21 16
21 46
22 27
22 34
22 14
22 31
22 46
22 16
27 45
27 41
27 34
27 35
27 49
27 30
27 48
27 42
27 28
20 42
20 13
20 47
20 41
20 45
20 49
20 40
20 35
20 16
20 30
34 49
34 46
34 45
34 11
34 47
34 39
34 31
38 19
38 42
38 31
38 49
14 30
14 39
14 19
14 41
14 28
14 42
14 13
30 28
30 45
30 48
30 13
30 11
30 46
30 42
42 11
42 13
42 28
42 16
41 49
41 45
41 31
41 35
41 47
41 40
35 47
35 39
35 40
35 16
35 48
47 46
47 13
47 49
49 45
49 11
49 46
31 39
31 45
19 46
19 48
19 39
40 45
40 11
40 46
40 39
45 16
39 46
39 11
13 46
46 16
